   1.0000000e+00
   1.0000000e+00
   0.0000000e+00
   4.0000000e+00
   1.0000000e+00
   4.0000000e+00
   2.0000000e+00
   2.0000000e+00
   0.0000000e+00
   4.0000000e+00
   6.0000000e+00
   9.0000000e+00
   1.6000000e+01
   2.4000000e+01
   2.3000000e+01
   2.3000000e+01
   4.5000000e+01
   4.6000000e+01
   7.2000000e+01
   9.1000000e+01
   1.6000000e+02
   1.4900000e+02
   2.0600000e+02
   2.3200000e+02
   2.3700000e+02
   2.0300000e+02
   1.7400000e+02
   1.5700000e+02
   1.2400000e+02
   1.1700000e+02
   1.0900000e+02
   1.0200000e+02
   7.5000000e+01
   5.6000000e+01
   4.6000000e+01
   4.0000000e+01
   4.3000000e+01
   3.0000000e+01
   2.0000000e+01
   1.3000000e+01
   2.1000000e+01
   1.3000000e+01
   1.2000000e+01
   1.0000000e+01
   7.0000000e+00
   4.0000000e+00
