   0.0000000e+00   1.0000000e+00
   1.0000000e+00   0.0000000e+00
   2.0000000e+00   2.0000000e+00
   3.0000000e+00   2.0000000e+00
   4.0000000e+00   1.0000000e+00
   5.0000000e+00   1.0000000e+00
   6.0000000e+00   4.0000000e+00
   7.0000000e+00   3.0000000e+00
   8.0000000e+00   1.4000000e+01
   9.0000000e+00   1.7000000e+01
   1.0000000e+01   1.2000000e+01
   1.1000000e+01   2.5000000e+01
   1.2000000e+01   2.3000000e+01
   1.3000000e+01   4.1000000e+01
   1.4000000e+01   6.8000000e+01
   1.5000000e+01   7.5000000e+01
   1.6000000e+01   8.3000000e+01
   1.7000000e+01   1.0100000e+02
   1.8000000e+01   1.0900000e+02
   1.9000000e+01   1.5200000e+02
   2.0000000e+01   1.7400000e+02
   2.1000000e+01   2.1700000e+02
   2.2000000e+01   2.9500000e+02
   2.3000000e+01   3.6000000e+02
   2.4000000e+01   3.8100000e+02
   2.5000000e+01   4.3900000e+02
   2.6000000e+01   4.7600000e+02
   2.7000000e+01   4.4500000e+02
   2.8000000e+01   5.2500000e+02
   2.9000000e+01   5.3800000e+02
   3.0000000e+01   5.0300000e+02
   3.1000000e+01   4.8800000e+02
   3.2000000e+01   5.0100000e+02
   3.3000000e+01   4.5200000e+02
   3.4000000e+01   4.5900000e+02
   3.5000000e+01   3.5500000e+02
   3.6000000e+01   3.8900000e+02
   3.7000000e+01   3.0700000e+02
   3.8000000e+01   2.9100000e+02
   3.9000000e+01   2.4500000e+02
   4.0000000e+01   2.2800000e+02
   4.1000000e+01   2.0700000e+02
   4.2000000e+01   1.5700000e+02
   4.3000000e+01   1.1600000e+02
   4.4000000e+01   1.1400000e+02
   4.5000000e+01   8.3000000e+01
   4.6000000e+01   6.5000000e+01
   4.7000000e+01   5.5000000e+01
   4.8000000e+01   6.3000000e+01
   4.9000000e+01   4.5000000e+01
   5.0000000e+01   3.4000000e+01
   5.1000000e+01   3.8000000e+01
   5.2000000e+01   1.9000000e+01
   5.3000000e+01   1.8000000e+01
   5.4000000e+01   1.5000000e+01
   5.5000000e+01   1.4000000e+01
   5.6000000e+01   1.4000000e+01
   5.7000000e+01   1.0000000e+01
   5.8000000e+01   7.0000000e+00
   5.9000000e+01   6.0000000e+00
   6.0000000e+01   5.0000000e+00
   6.1000000e+01   3.0000000e+00
   6.2000000e+01   5.0000000e+00
   6.3000000e+01   1.0000000e+00
   6.4000000e+01   3.0000000e+00
   6.5000000e+01   2.0000000e+00
   6.6000000e+01   2.0000000e+00
   6.7000000e+01   0.0000000e+00
   6.8000000e+01   2.0000000e+00
   6.9000000e+01   3.0000000e+00
   7.0000000e+01   1.0000000e+00
